mc	mn	quarterbeats	quarterbeats_all_endings	duration_qb	mc_onset	mn_onset	timesig	staff	voice	volta	label	globalkey	localkey	pedal	chord	numeral	form	figbass	changes	relativeroot	cadence	phraseend	chord_type	globalkey_is_minor	localkey_is_minor	chord_tones	added_tones	root	bass_note
1	0	0	0	1.0	0	1/2	3/4	4	1		D.V2	D	I		V2	V		2					Mm7	0	0	-1, 1, 5, 2		1	-1
2	1	1	1	3.0	0	0	3/4	4	1		I[I	D	I	I	I	I							M	0	0	0, 4, 1		0	0
3	2	4	4	2.0	0	0	3/4	4	1		V7/IV	D	I	I	V7/IV	V		7		IV			Mm7	0	0	0, 4, 1, -2		0	0
3	2	6	6	1.0	1/2	1/2	3/4	4	1		IV6	D	I	I	IV6	IV		6					M	0	0	3, 0, -1		-1	3
4	3	7	7	1.0	0	0	3/4	4	1		I	D	I	I	I	I							M	0	0	0, 4, 1		0	0
4	3	8	8	1.0	1/4	1/4	3/4	4	1		IV6	D	I	I	IV6	IV		6					M	0	0	3, 0, -1		-1	3
4	3	9	9	1.0	1/2	1/2	3/4	4	1		viio64	D	I	I	viio64	vii	o	64					o	0	0	-1, 5, 2		5	-1
5	4	10	10	1.0	0	0	3/4	4	1		I	D	I	I	I	I							M	0	0	0, 4, 1		0	0
5	4	11	11	1.0	1/4	1/4	3/4	4	1		V(+4)	D	I	I	V(+4)	V			+4				M	0	0	1, 5, 2	0	1	1
5	4	12	12	1.0	1/2	1/2	3/4	4	1		IV]	D	I	I	IV	IV							M	0	0	-1, 3, 0		-1	-1
6	5	13	13	1.0	0	0	3/4	4	1		V[V(64)	D	I	V	V(64)	V			64				M	0	0	1, 0, 4		1	1
6	5	14	14	1.0	1/4	1/4	3/4	4	1		IV	D	I	V	IV	IV							M	0	0	-1, 3, 0		-1	-1
6	5	15	15	1.0	1/2	1/2	3/4	4	1		V7]	D	I	V	V7	V		7					Mm7	0	0	1, 5, 2, -1		1	1
7	6	16	16	1.0	0	0	3/4	4	1		I[I	D	I	I	I	I							M	0	0	0, 4, 1		0	0
7	6	17	17	1.0	1/4	1/4	3/4	4	1		V6(+4)	D	I	I	V6(+4)	V		6	+4				M	0	0	5, 2, 1	0	1	5
7	6	18	18	1.0	1/2	1/2	3/4	4	1		IV6]	D	I	I	IV6	IV		6					M	0	0	3, 0, -1		-1	3
8	7	19	19	1.0	0	0	3/4	4	1		V[V(64)	D	I	V	V(64)	V			64				M	0	0	1, 0, 4		1	1
8	7	20	20	1.0	1/4	1/4	3/4	4	1		IV6	D	I	V	IV6	IV		6					M	0	0	3, 0, -1		-1	3
8	7	21	21	1.0	1/2	1/2	3/4	4	1		V7]	D	I	V	V7	V		7					Mm7	0	0	1, 5, 2, -1		1	1
9	8	22	22	2.0	0	0	3/4	4	1		I\\	D	I		I	I						\\	M	0	0	0, 4, 1		0	0
9	8	24	24	1.0	1/2	1/2	3/4	4	1		V.V2	D	V		V2	V		2					Mm7	0	0	-1, 1, 5, 2		1	-1
10	9	25	25	3.0	0	0	3/4	4	1		I[I	D	V	I	I	I							M	0	0	0, 4, 1		0	0
11	10	28	28	2.0	0	0	3/4	4	1		V7/IV	D	V	I	V7/IV	V		7		IV			Mm7	0	0	0, 4, 1, -2		0	0
11	10	30	30	1.0	1/2	1/2	3/4	4	1		iv6	D	V	I	iv6	iv		6					m	0	0	-4, 0, -1		-1	-4
12	11	31	31	1.0	0	0	3/4	4	1		I	D	V	I	I	I							M	0	0	0, 4, 1		0	0
12	11	32	32	1.0	1/4	1/4	3/4	4	1		iv6	D	V	I	iv6	iv		6					m	0	0	-4, 0, -1		-1	-4
12	11	33	33	1.0	1/2	1/2	3/4	4	1		viio64	D	V	I	viio64	vii	o	64					o	0	0	-1, 5, 2		5	-1
13	12	34	34	1.0	0	0	3/4	4	1		I	D	V	I	I	I							M	0	0	0, 4, 1		0	0
13	12	35	35	1.0	1/4	1/4	3/4	4	1		V43/IV	D	V	I	V43/IV	V		43		IV			Mm7	0	0	1, -2, 0, 4		0	1
13	12	36	36	1.0	1/2	1/2	3/4	4	1		iv]	D	V	I	iv	iv							m	0	0	-1, -4, 0		-1	-1
14	13	37	37	1.0	0	0	3/4	4	1		V[V(64)	D	V	V	V(64)	V			64				M	0	0	1, 0, 4		1	1
14	13	38	38	1.0	1/4	1/4	3/4	4	1		iv	D	V	V	iv	iv							m	0	0	-1, -4, 0		-1	-1
14	13	39	39	1.0	1/2	1/2	3/4	4	1		V7]	D	V	V	V7	V		7					Mm7	0	0	1, 5, 2, -1		1	1
15	14	40	40	1.0	0	0	3/4	4	1		I	D	V		I	I							M	0	0	0, 4, 1		0	0
15	14	41	41	1.0	1/4	1/4	3/4	4	1		V7/IV	D	V		V7/IV	V		7		IV			Mm7	0	0	0, 4, 1, -2		0	0
15	14	42	42	1.0	1/2	1/2	3/4	4	1		iv64	D	V		iv64	iv		64					m	0	0	0, -1, -4		-1	0
16	15	43	43	1.0	0	0	3/4	4	1		V[V(64)	D	V	V	V(64)	V			64				M	0	0	1, 0, 4		1	1
16	15	44	44	1.0	1/4	1/4	3/4	4	1		iv6	D	V	V	iv6	iv		6					m	0	0	-4, 0, -1		-1	-4
16	15	45	45	1.0	1/2	1/2	3/4	4	1		V7]	D	V	V	V7	V		7					Mm7	0	0	1, 5, 2, -1		1	1
17	16	46	46	2.0	0	0	3/4	4	1		I\\	D	V		I	I						\\	M	0	0	0, 4, 1		0	0
18	16	48	48	1.0	0	1/2	3/4	4	1		I.V6	D	I		V6	V		6					M	0	0	5, 2, 1		1	5
19	17	49	49	2.0	0	0	3/4	4	1		V	D	I		V	V							M	0	0	1, 5, 2		1	1
19	17	51	51	1.0	1/2	1/2	3/4	4	1		V7	D	I		V7	V		7					Mm7	0	0	1, 5, 2, -1		1	1
20	18	52	52	2.0	0	0	3/4	4	1		I(94)	D	I		I(94)	I			94				M	0	0	0, -1, 1	2	0	0
20	18	54	54	1.0	1/2	1/2	3/4	4	1		I	D	I		I	I							M	0	0	0, 4, 1		0	0
21	19	55	55	2.0	0	0	3/4	4	1		V	D	I		V	V							M	0	0	1, 5, 2		1	1
21	19	57	57	1.0	1/2	1/2	3/4	4	1		V7	D	I		V7	V		7					Mm7	0	0	1, 5, 2, -1		1	1
22	20	58	58	2.0	0	0	3/4	4	1		I(94)	D	I		I(94)	I			94				M	0	0	0, -1, 1	2	0	0
22	20	60	60	1.0	1/2	1/2	3/4	4	1		I	D	I		I	I							M	0	0	0, 4, 1		0	0
23	21	61	61	1.0	0	0	3/4	4	1		V	D	I		V	V							M	0	0	1, 5, 2		1	1
23	21	62	62	1.0	1/4	1/4	3/4	4	1		V7	D	I		V7	V		7					Mm7	0	0	1, 5, 2, -1		1	1
23	21	63	63	3.0	1/2	1/2	3/4	4	1		V7(9)	D	I		V7(9)	V		7	9				Mm7	0	0	1, 5, 2, -1	3	1	1
24	22	66	66	1.0	1/2	1/2	3/4	4	1		V(64)	D	I		V(64)	V			64				M	0	0	1, 0, 4		1	1
25	23	67	67	1.0	0	0	3/4	4	1		viio65(+2)/V	D	I		viio65(+2)/V	vii	o	65	+2	V			o7	0	0	3, 0, -3, 6	1	6	3
25	23	68	68	1.0	1/4	1/4	3/4	4	1		vi%7	D	I		vi%7	vi	%	7					%7	0	0	3, 0, -3, 1		3	3
25	23	69	69	1.0	1/2	1/2	3/4	4	1		viio	D	I		viio	vii	o						o	0	0	5, 2, -1		5	5
26	24	70	70	6.0	0	0	3/4	4	1		I\\	D	I		I	I						\\	M	0	0	0, 4, 1		0	0
28	26	76	76	3.0	0	0	3/4	4	1		V(64)/iii	D	I		V(64)/iii	V			64	iii			M	0	0	5, 4, 1		5	5
29	27	79	79	3.0	0	0	3/4	4	1		VI/iii	D	I		VI/iii	VI				iii			M	0	0	0, 4, 1		0	0
30	28	82	82	3.0	0	0	3/4	4	1		V(64)/iii	D	I		V(64)/iii	V			64	iii			M	0	0	5, 4, 1		5	5
31	29	85	85	3.0	0	0	3/4	4	1		VI/iii	D	I		VI/iii	VI				iii			M	0	0	0, 4, 1		0	0
32	30	88	88	3.0	0	0	3/4	4	1		iv/iii	D	I		iv/iii	iv				iii			m	0	0	3, 0, 4		3	3
33	31	91	91	3.0	0	0	3/4	4	1		#viio43/iii	D	I		#viio43/iii	#vii	o	43		iii			o7	0	0	3, 0, 9, 6		9	3
34	32	94	94	3.0	0	0	3/4	4	1		iii6	D	I		iii6	iii		6					m	0	0	1, 5, 4		4	1
35	33	97	97	3.0	0	0	3/4	4	1		VI/iii	D	I		VI/iii	VI				iii			M	0	0	0, 4, 1		0	0
36	34	100	100	3.0	0	0	3/4	4	1		iv/iii	D	I		iv/iii	iv				iii			m	0	0	3, 0, 4		3	3
37	35	103	103	9.0	0	0	3/4	4	1		#viio43/iii	D	I		#viio43/iii	#vii	o	43		iii			o7	0	0	3, 0, 9, 6		9	3
40	38	112	112	3.0	0	0	3/4	4	1		V65\\	D	I		V65	V		65				\\	Mm7	0	0	5, 2, -1, 1		1	5
41	39	115	115	3.0	0	0	3/4	4	1		I[I	D	I	I	I	I							M	0	0	0, 4, 1		0	0
42	40	118	118	2.0	0	0	3/4	4	1		V7/IV	D	I	I	V7/IV	V		7		IV			Mm7	0	0	0, 4, 1, -2		0	0
42	40	120	120	1.0	1/2	1/2	3/4	4	1		IV6]	D	I	I	IV6	IV		6					M	0	0	3, 0, -1		-1	3
43	41	121	121	1.0	0	0	3/4	4	1		V[V(64)	D	I	V	V(64)	V			64				M	0	0	1, 0, 4		1	1
43	41	122	122	1.0	1/4	1/4	3/4	4	1		IV6	D	I	V	IV6	IV		6					M	0	0	3, 0, -1		-1	3
43	41	123	123	1.0	1/2	1/2	3/4	4	1		V7]	D	I	V	V7	V		7					Mm7	0	0	1, 5, 2, -1		1	1
44	42	124	124	1.0	0	0	3/4	4	1		vi	D	I		vi	vi							m	0	0	3, 0, 4		3	3
44	42	125	125	1.0	1/4	1/4	3/4	4	1		V(+4)	D	I		V(+4)	V			+4				M	0	0	1, 5, 2	0	1	1
44	42	126	126	1.0	1/2	1/2	3/4	4	1		IV	D	I		IV	IV							M	0	0	-1, 3, 0		-1	-1
45	43	127	127	1.0	0	0	3/4	4	1		V(64)	D	I		V(64)	V			64				M	0	0	1, 0, 4		1	1
45	43	128	128	1.0	1/4	1/4	3/4	4	1		V7(94)	D	I		V7(94)	V		7	94				Mm7	0	0	1, 0, 2, -1	3	1	1
45	43	129	129	1.0	1/2	1/2	3/4	4	1		#viio7/vi	D	I		#viio7/vi	#vii	o	7		vi			o7	0	0	8, 5, 2, -1		8	8
46	44	130	130	1.0	0	0	3/4	4	1		vi	D	I		vi	vi							m	0	0	3, 0, 4		3	3
46	44	131	131	1.0	1/4	1/4	3/4	4	1		V6(+4)	D	I		V6(+4)	V		6	+4				M	0	0	5, 2, 1	0	1	5
46	44	132	132	1.0	1/2	1/2	3/4	4	1		IV	D	I		IV	IV							M	0	0	-1, 3, 0		-1	-1
47	45	133	133	1.0	0	0	3/4	4	1		V(64)	D	I		V(64)	V			64				M	0	0	1, 0, 4		1	1
47	45	134	134	1.0	1/4	1/4	3/4	4	1		V7(94)	D	I		V7(94)	V		7	94				Mm7	0	0	1, 0, 2, -1	3	1	1
47	45	135	135	1.0	1/2	1/2	3/4	4	1		#viio7/vi	D	I		#viio7/vi	#vii	o	7		vi			o7	0	0	8, 5, 2, -1		8	8
48	46	136	136	3.0	0	0	3/4	4	1		vi	D	I		vi	vi							m	0	0	3, 0, 4		3	3
49	47	139	139	2.0	0	0	3/4	4	1		V(64)/V	D	I		V(64)/V	V			64	V			M	0	0	2, 1, 5		2	2
49	47	141	141	1.0	1/2	1/2	3/4	4	1		V2/V	D	I		V2/V	V		2		V			Mm7	0	0	0, 2, 6, 3		2	0
50	48	142	142	1.0	0	0	3/4	4	1		V6	D	I		V6	V		6					M	0	0	5, 2, 1		1	5
50	48	143	143	1.0	1/4	1/4	3/4	4	1		I	D	I		I	I							M	0	0	0, 4, 1		0	0
50	48	144	144	1.0	1/2	1/2	3/4	4	1		ii	D	I		ii	ii							m	0	0	2, -1, 3		2	2
51	49	145	145	1.0	0	0	3/4	4	1		V(64)	D	I		V(64)	V			64				M	0	0	1, 0, 4		1	1
51	49	146	146	1.0	1/4	1/4	3/4	4	1		V7	D	I		V7	V		7					Mm7	0	0	1, 5, 2, -1		1	1
51	49	147	147	1.0	1/2	1/2	3/4	4	1		V2	D	I		V2	V		2					Mm7	0	0	-1, 1, 5, 2		1	-1
52	50	148	148	3.0	0	0	3/4	4	1		I6	D	I		I6	I		6					M	0	0	4, 1, 0		0	4
53	51	151	151	1.0	0	0	3/4	4	1		V(64)/V	D	I		V(64)/V	V			64	V			M	0	0	2, 1, 5		2	2
53	51	152	152	1.0	1/4	1/4	3/4	4	1		IV/V	D	I		IV/V	IV				V			M	0	0	0, 4, 1		0	0
53	51	153	153	1.0	1/2	1/2	3/4	4	1		V/V	D	I		V/V	V				V			M	0	0	2, 6, 3		2	2
54	52	154	154	1.0	0	0	3/4	4	1		V6	D	I		V6	V		6					M	0	0	5, 2, 1		1	5
54	52	155	155	1.0	1/4	1/4	3/4	4	1		V6/ii	D	I		V6/ii	V		6		ii			M	0	0	7, 4, 3		3	7
54	52	156	156	1.0	1/2	1/2	3/4	4	1		ii	D	I		ii	ii							m	0	0	2, -1, 3		2	2
55	53	157	157	1.0	0	0	3/4	4	1		V(64)	D	I		V(64)	V			64				M	0	0	1, 0, 4		1	1
55	53	158	158	1.0	1/4	1/4	3/4	4	1		ii6	D	I		ii6	ii		6					m	0	0	-1, 3, 2		2	-1
55	53	159	159	1.0	1/2	1/2	3/4	4	1		V7	D	I		V7	V		7					Mm7	0	0	1, 5, 2, -1		1	1
56	54	160	160	2.0	0	0	3/4	4	1		I\\	D	I		I	I						\\	M	0	0	0, 4, 1		0	0
56	54	162	162	1.0	1/2	1/2	3/4	4	1		I64	D	I		I64	I		64					M	0	0	1, 0, 4		0	1
57	55	163	163	2.0	0	0	3/4	4	1		I	D	I		I	I							M	0	0	0, 4, 1		0	0
57	55	165	165	1.0	1/2	1/2	3/4	4	1		I6	D	I		I6	I		6					M	0	0	4, 1, 0		0	4
58	56	166	166	9.0	0	0	3/4	4	1		I64	D	I		I64	I		64					M	0	0	1, 0, 4		0	1
61	59	175	175	1.0	0	0	3/4	4	1		I	D	I		I	I							M	0	0	0, 4, 1		0	0
61	59	176	176	1.0	1/4	1/4	3/4	4	1		viio6(+2)	D	I		viio6(+2)	vii	o	6	+2				o	0	0	2, -1, 5	0	5	2
61	59	177	177	1.0	1/2	1/2	3/4	4	1		vi64	D	I		vi64	vi		64					m	0	0	4, 3, 0		3	4
62	60	178	178	1.0	0	0	3/4	4	1		V[V	D	I	V	V	V							M	0	0	1, 5, 2		1	1
62	60	179	179	1.0	1/4	1/4	3/4	4	1		viio6/V	D	I	V	viio6/V	vii	o	6		V			o	0	0	3, 0, 6		6	3
62	60	180	180	1.0	1/2	1/2	3/4	4	1		viio2	D	I	V	viio2	vii	o	2					o7	0	0	-4, 5, 2, -1		5	-4
63	61	181	181	1.0	0	0	3/4	4	1		V(64)]	D	I	V	V(64)	V			64				M	0	0	1, 0, 4		1	1
63	61	182	182	1.0	1/4	1/4	3/4	4	1		V65(+4)/V	D	I		V65(+4)/V	V		65	+4	V			Mm7	0	0	6, 3, 0, 2	1	2	6
63	61	183	183	1.0	1/2	1/2	3/4	4	1		V2(64)	D	I		V2(64)	V		2	64				Mm7	0	0	-1, 1, 0, 4		1	-1
64	62	184	184	3.0	0	0	3/4	4	1		V7	D	I		V7	V		7					Mm7	0	0	1, 5, 2, -1		1	1
65	63		187		0	0	3/4	4	1	1	I\\	D	I		I	I						\\	M	0	0	0, 4, 1		0	0
66	63	187	189	3.0	0	0	3/4	4	1	2	I\\	D	I		I	I						\\	M	0	0	0, 4, 1		0	0
67	64	190	192	2.0	0	0	3/4	4	1		vi.i[i	D	vi	i	i	i							m	0	1	0, -3, 1		0	0
67	64	192	194	1.0	1/2	1/2	3/4	4	1		#viio	D	vi	i	#viio	#vii	o						o	0	1	5, 2, -1		5	5
68	65	193	195	2.0	0	0	3/4	4	1		i	D	vi	i	i	i							m	0	1	0, -3, 1		0	0
68	65	195	197	1.0	1/2	1/2	3/4	4	1		#viio	D	vi	i	#viio	#vii	o						o	0	1	5, 2, -1		5	5
69	66	196	198	1.0	0	0	3/4	4	1		i	D	vi	i	i	i							m	0	1	0, -3, 1		0	0
69	66	197	199	2.0	1/4	1/4	3/4	4	1		#viio	D	vi	i	#viio	#vii	o						o	0	1	5, 2, -1		5	5
70	67	199	201	3.0	0	0	3/4	4	1		i]	D	vi	i	i	i							m	0	1	0, -3, 1		0	0
71	68	202	204	2.0	0	0	3/4	4	1		v[v	D	vi	v	v	v							m	0	1	1, -2, 2		1	1
71	68	204	206	1.0	1/2	1/2	3/4	4	1		#viio/v	D	vi	v	#viio/v	#vii	o			v			o	0	1	6, 3, 0		6	6
72	69	205	207	2.0	0	0	3/4	4	1		v	D	vi	v	v	v							m	0	1	1, -2, 2		1	1
72	69	207	209	1.0	1/2	1/2	3/4	4	1		#viio/v	D	vi	v	#viio/v	#vii	o			v			o	0	1	6, 3, 0		6	6
73	70	208	210	1.0	0	0	3/4	4	1		v	D	vi	v	v	v							m	0	1	1, -2, 2		1	1
73	70	209	211	2.0	1/4	1/4	3/4	4	1		#viio/v	D	vi	v	#viio/v	#vii	o			v			o	0	1	6, 3, 0		6	6
74	71	211	213	3.0	0	0	3/4	4	1		v]	D	vi	v	v	v							m	0	1	1, -2, 2		1	1
75	72	214	216	2.0	0	0	3/4	4	1		ii[ii	D	vi	ii	ii	ii							m	0	1	2, -1, 3		2	2
75	72	216	218	1.0	1/2	1/2	3/4	4	1		#viio/ii	D	vi	ii	#viio/ii	#vii	o			ii			o	0	1	7, 4, 1		7	7
76	73	217	219	2.0	0	0	3/4	4	1		ii	D	vi	ii	ii	ii							m	0	1	2, -1, 3		2	2
76	73	219	221	1.0	1/2	1/2	3/4	4	1		#viio/ii	D	vi	ii	#viio/ii	#vii	o			ii			o	0	1	7, 4, 1		7	7
77	74	220	222	12.0	0	0	3/4	4	1		ii]	D	vi	ii	ii	ii							m	0	1	2, -1, 3		2	2
81	78	232	234	3.0	0	0	3/4	4	1		V7(4)	D	vi		V7(4)	V		7	4				Mm7	0	1	1, 0, 2, -1		1	1
82	79		237		0	0	3/4	4	1	1	V7\\	D	vi		V7	V		7				\\	Mm7	0	1	1, 5, 2, -1		1	1
83	79	235	240	3.0	0	0	3/4	4	1	2	V7\\	D	vi		V7	V		7				\\	Mm7	0	1	1, 5, 2, -1		1	1
84	80	238	243	3.0	0	0	3/4	4	1		V7/iv	D	vi		V7/iv	V		7		iv			Mm7	0	1	0, 4, 1, -2		0	0
85	81	241	246	1.0	0	0	3/4	4	1		iv64	D	vi		iv64	iv		64					m	0	1	0, -1, -4		-1	0
85	81	242	247	2.0	1/4	1/4	3/4	4	1		iv	D	vi		iv	iv							m	0	1	-1, -4, 0		-1	-1
86	82	244	249	1.0	0	0	3/4	4	1		#viio65/iv	D	vi		#viio65/iv	#vii	o	65		iv			o7	0	1	1, -2, -5, 4		4	1
86	82	245	250	1.0	1/4	1/4	3/4	4	1		V7(b9)/iv	D	vi		V7(b9)/iv	V		7	b9	iv			Mm7	0	1	0, 4, 1, -2	-12	0	0
86	82	246	251	0.5	1/2	1/2	3/4	4	1		iv6	D	vi		iv6	iv		6					m	0	1	-4, 0, -1		-1	-4
86	82	493/2	503/2	0.5	5/8	5/8	3/4	4	1		#viio6/iv	D	vi		#viio6/iv	#vii	o	6		iv			o	0	1	1, -2, 4		4	1
87	83	247	252	1.0	0	0	3/4	4	1		iv	D	vi		iv	iv							m	0	1	-1, -4, 0		-1	-1
87	83	248	253	1.0	1/4	1/4	3/4	4	1		iv6	D	vi		iv6	iv		6					m	0	1	-4, 0, -1		-1	-4
87	83	249	254	1.0	1/2	1/2	3/4	4	1		VI6/v	D	vi		VI6/v	VI		6		v			M	0	1	1, -2, -3		-3	1
88	84	250	255	3.0	0	0	3/4	4	1		V65/v	D	vi		V65/v	V		65		v			Mm7	0	1	6, 3, 0, 2		2	6
89	85	253	258	1.0	0	0	3/4	4	1		v7	D	vi		v7	v		7					mm7	0	1	1, -2, 2, -1		1	1
89	85	254	259	1.0	1/4	1/4	3/4	4	1		v6(+6)	D	vi		v6(+6)	v		6	+6				m	0	1	-2, 2, 1	-3	1	-2
89	85	255	260	1.0	1/2	1/2	3/4	4	1		#viio7/v	D	vi		#viio7/v	#vii	o	7		v			o7	0	1	6, 3, 0, -3		6	6
90	86	256	261	3.0	0	0	3/4	4	1		VI6/v	D	vi		VI6/v	VI		6		v			M	0	1	1, -2, -3		-3	1
91	87	259	264	1.0	0	0	3/4	4	1		#viio6/v	D	vi		#viio6/v	#vii	o	6		v			o	0	1	3, 0, 6		6	3
91	87	260	265	0.5	1/4	1/4	3/4	4	1		V7/v	D	vi		V7/v	V		7		v			Mm7	0	1	2, 6, 3, 0		2	2
91	87	521/2	531/2	0.5	3/8	3/8	3/4	4	1		#viio2/v	D	vi		#viio2/v	#vii	o	2		v			o7	0	1	-3, 6, 3, 0		6	-3
91	87	261	266	0.5	1/2	1/2	3/4	4	1		V(64)/v	D	vi		V(64)/v	V			64	v			M	0	1	2, 1, -2		2	2
91	87	523/2	533/2	0.5	5/8	5/8	3/4	4	1		iio6/v	D	vi		iio6/v	ii	o	6		v			o	0	1	0, -3, 3		3	0
92	88	262	267	1.0	0	0	3/4	4	1		v6	D	vi		v6	v		6					m	0	1	-2, 2, 1		1	-2
92	88	263	268	1.0	1/4	1/4	3/4	4	1		v	D	vi		v	v							m	0	1	1, -2, 2		1	1
92	88	264	269	0.5	1/2	1/2	3/4	4	1		iio6/v	D	vi		iio6/v	ii	o	6		v			o	0	1	0, -3, 3		3	0
92	88	529/2	539/2	0.5	5/8	5/8	3/4	4	1		V/v	D	vi		V/v	V				v			M	0	1	2, 6, 3		2	2
93	89	265	270	1.0	0	0	3/4	4	1		i	D	vi		i	i							m	0	1	0, -3, 1		0	0
93	89	266	271	1.0	1/4	1/4	3/4	4	1		v[i	D	vi	v	i	i							m	0	1	0, -3, 1		0	0
93	89	267	272	0.5	1/2	1/2	3/4	4	1		III6/v	D	vi	v	III6/v	III		6		v			M	0	1	2, -1, -2		-2	2
93	89	535/2	545/2	0.5	5/8	5/8	3/4	4	1		iio6/v	D	vi	v	iio6/v	ii	o	6		v			o	0	1	0, -3, 3		3	0
94	90	268	273	2.0	0	0	3/4	4	1		v	D	vi	v	v	v							m	0	1	1, -2, 2		1	1
94	90	270	275	0.5	1/2	1/2	3/4	4	1		iio6/v	D	vi	v	iio6/v	ii	o	6		v			o	0	1	0, -3, 3		3	0
94	90	541/2	551/2	0.5	5/8	5/8	3/4	4	1		V/v	D	vi	v	V/v	V				v			M	0	1	2, 6, 3		2	2
95	91	271	276	2.0	0	0	3/4	4	1		i	D	vi	v	i	i							m	0	1	0, -3, 1		0	0
95	91	273	278	0.5	1/2	1/2	3/4	4	1		III6/v	D	vi	v	III6/v	III		6		v			M	0	1	2, -1, -2		-2	2
95	91	547/2	557/2	0.5	5/8	5/8	3/4	4	1		iio6/v	D	vi	v	iio6/v	ii	o	6		v			o	0	1	0, -3, 3		3	0
96	92	274	279	3.0	0	0	3/4	4	1		v]	D	vi	v	v	v							m	0	1	1, -2, 2		1	1
97	93	277	282	1.0	0	0	3/4	4	1		#viio6/iv	D	vi		#viio6/iv	#vii	o	6		iv			o	0	1	1, -2, 4		4	1
97	93	278	283	1.0	1/4	1/4	3/4	4	1		#viio7/ii	D	vi		#viio7/ii	#vii	o	7		ii			o7	0	1	7, 4, 1, -2		7	7
97	93	279	284	1.0	1/2	1/2	3/4	4	1		#viio65/ii	D	vi		#viio65/ii	#vii	o	65		ii			o7	0	1	4, 1, -2, 7		7	4
98	94	280	285	2.0	0	0	3/4	4	1		V(64)/v	D	vi		V(64)/v	V			64	v			M	0	1	2, 1, -2		2	2
98	94	282	287	1.0	1/2	1/2	3/4	4	1		V7/v	D	vi		V7/v	V		7		v			Mm7	0	1	2, 6, 3, 0		2	2
99	95	283	288	3.0	0	0	3/4	4	1		v[v\\	D	vi	v	v	v						\\	m	0	1	1, -2, 2		1	1
100	96	286	291	3.0	0	0	3/4	4	1		ii%65/v	D	vi	v	ii%65/v	ii	%	65		v			%7	0	1	0, -3, 1, 3		3	0
101	97	289	294	3.0	0	0	3/4	4	1		v	D	vi	v	v	v							m	0	1	1, -2, 2		1	1
102	98	292	297	3.0	0	0	3/4	4	1		ii%65/v	D	vi	v	ii%65/v	ii	%	65		v			%7	0	1	0, -3, 1, 3		3	0
103	99	295	300	1.5	0	0	3/4	4	1		v	D	vi	v	v	v							m	0	1	1, -2, 2		1	1
103	99	593/2	603/2	1.5	3/8	3/8	3/4	4	1		ii%65/v	D	vi	v	ii%65/v	ii	%	65		v			%7	0	1	0, -3, 1, 3		3	0
104	100	298	303	3.0	0	0	3/4	4	1		V7]	D	vi	v	V7	V		7					Mm7	0	1	1, 5, 2, -1		1	1
105	101	301	306	1.0	0	0	3/4	4	1		V(64)	D	vi		V(64)	V			64				M	0	1	1, 0, -3		1	1
105	101	302	307	1.0	1/4	1/4	3/4	4	1		V2	D	vi		V2	V		2					Mm7	0	1	-1, 1, 5, 2		1	-1
105	101	303	308	1.0	1/2	1/2	3/4	4	1		i6	D	vi		i6	i		6					m	0	1	-3, 1, 0		0	-3
106	102	304	309	2.0	0	0	3/4	4	1		V65	D	vi		V65	V		65					Mm7	0	1	5, 2, -1, 1		1	5
106	102	306	311	1.0	1/2	1/2	3/4	4	1		i	D	vi		i	i							m	0	1	0, -3, 1		0	0
107	103	307	312	2.0	0	0	3/4	4	1		V[V\\	D	vi	V	V	V						\\	M	0	1	1, 5, 2		1	1
107	103	309	314	1.0	1/2	1/2	3/4	4	1		i	D	vi	V	i	i							m	0	1	0, -3, 1		0	0
108	104	310	315	2.0	0	0	3/4	4	1		V7	D	vi	V	V7	V		7					Mm7	0	1	1, 5, 2, -1		1	1
108	104	312	317	1.0	1/2	1/2	3/4	4	1		#viio43/iv	D	vi	V	#viio43/iv	#vii	o	43		iv			o7	0	1	-2, -5, 4, 1		4	-2
109	105	313	318	2.0	0	0	3/4	4	1		V65/VII	D	vi	V	V65/VII	V		65		VII			Mm7	0	1	3, 0, -3, -1		-1	3
109	105	315	320	1.0	1/2	1/2	3/4	4	1		viio7/V	D	vi	V	viio7/V	vii	o	7		V			o7	0	1	6, 3, 0, -3		6	6
110	106	316	321	2.0	0	0	3/4	4	1		V	D	vi	V	V	V							M	0	1	1, 5, 2		1	1
110	106	318	323	1.0	1/2	1/2	3/4	4	1		viio2/V]	D	vi	V	viio2/V	vii	o	2		V			o7	0	1	-3, 6, 3, 0		6	-3
111	107	319	324	3.0	0	0	3/4	4	1		V64	D	vi		V64	V		64					M	0	1	2, 1, 5		1	2
112	108	322	327	3.0	0	0	3/4	4	1		V	D	vi		V	V							M	0	1	1, 5, 2		1	1
113	109	325	330	3.0	0	0	3/4	4	1		V2	D	vi		V2	V		2					Mm7	0	1	-1, 1, 5, 2		1	-1
114	110	328	333	3.0	0	0	3/4	4	1		V43	D	vi		V43	V		43					Mm7	0	1	2, -1, 1, 5		1	2
115	111	331	336	3.0	0	0	3/4	4	1		V2	D	vi		V2	V		2					Mm7	0	1	-1, 1, 5, 2		1	-1
116	112	334	339	3.0	0	0	3/4	4	1		V\\	D	vi		V	V						\\	M	0	1	1, 5, 2		1	1
117	113	337	342	2.0	0	0	3/4	4	1		i[i	D	vi	i	i	i							m	0	1	0, -3, 1		0	0
117	113	339	344	1.0	1/2	1/2	3/4	4	1		#viio	D	vi	i	#viio	#vii	o						o	0	1	5, 2, -1		5	5
118	114	340	345	2.0	0	0	3/4	4	1		i	D	vi	i	i	i							m	0	1	0, -3, 1		0	0
118	114	342	347	1.0	1/2	1/2	3/4	4	1		#viio	D	vi	i	#viio	#vii	o						o	0	1	5, 2, -1		5	5
119	115	343	348	1.0	0	0	3/4	4	1		i	D	vi	i	i	i							m	0	1	0, -3, 1		0	0
119	115	344	349	2.0	1/4	1/4	3/4	4	1		#viio	D	vi	i	#viio	#vii	o						o	0	1	5, 2, -1		5	5
120	116	346	351	3.0	0	0	3/4	4	1		i]	D	vi	i	i	i							m	0	1	0, -3, 1		0	0
121	117	349	354	2.0	0	0	3/4	4	1		iv[iv	D	vi	iv	iv	iv							m	0	1	-1, -4, 0		-1	-1
121	117	351	356	1.0	1/2	1/2	3/4	4	1		#viio/iv	D	vi	iv	#viio/iv	#vii	o			iv			o	0	1	4, 1, -2		4	4
122	118	352	357	2.0	0	0	3/4	4	1		iv	D	vi	iv	iv	iv							m	0	1	-1, -4, 0		-1	-1
122	118	354	359	1.0	1/2	1/2	3/4	4	1		#viio/iv	D	vi	iv	#viio/iv	#vii	o			iv			o	0	1	4, 1, -2		4	4
123	119	355	360	1.0	0	0	3/4	4	1		iv	D	vi	iv	iv	iv							m	0	1	-1, -4, 0		-1	-1
123	119	356	361	2.0	1/4	1/4	3/4	4	1		#viio/iv	D	vi	iv	#viio/iv	#vii	o			iv			o	0	1	4, 1, -2		4	4
124	120	358	363	3.0	0	0	3/4	4	1		iv]	D	vi	iv	iv	iv							m	0	1	-1, -4, 0		-1	-1
125	121	361	366	2.0	0	0	3/4	4	1		bII[bII	D	vi	bII	bII	bII							M	0	1	-5, -1, -4		-5	-5
125	121	363	368	1.0	1/2	1/2	3/4	4	1		viio/bII	D	vi	bII	viio/bII	vii	o			bII			o	0	1	0, -3, -6		0	0
126	122	364	369	6.0	0	0	3/4	4	1		bII]	D	vi	bII	bII	bII							M	0	1	-5, -1, -4		-5	-5
128	124	370	375	3.0	0	0	3/4	4	1		bII6	D	vi		bII6	bII		6					M	0	1	-1, -4, -5		-5	-1
129	125	373	378	3.0	0	0	3/4	4	1		V(64)	D	vi		V(64)	V			64				M	0	1	1, 0, -3		1	1
130	126	376	381	3.0	0	0	3/4	4	1		V7	D	vi		V7	V		7					Mm7	0	1	1, 5, 2, -1		1	1
131	127	379	384	3.0	0	0	3/4	4	1		i[i\\	D	vi	i	i	i						\\	m	0	1	0, -3, 1		0	0
132	128	382	387	3.0	0	0	3/4	4	1		ii%65	D	vi	i	ii%65	ii	%	65					%7	0	1	-1, -4, 0, 2		2	-1
133	129	385	390	3.0	0	0	3/4	4	1		i	D	vi	i	i	i							m	0	1	0, -3, 1		0	0
134	130	388	393	3.0	0	0	3/4	4	1		ii%65	D	vi	i	ii%65	ii	%	65					%7	0	1	-1, -4, 0, 2		2	-1
135	131	391	396	1.5	0	0	3/4	4	1		i]	D	vi	i	i	i							m	0	1	0, -3, 1		0	0
135	131	785/2	795/2	0.5	3/8	3/8	3/4	4	1		#viio2	D	vi		#viio2	#vii	o	2					o7	0	1	-4, 5, 2, -1		5	-4
135	131	393	398	0.5	1/2	1/2	3/4	4	1		i64	D	vi		i64	i		64					m	0	1	1, 0, -3		0	1
135	131	787/2	797/2	0.5	5/8	5/8	3/4	4	1		#viio43	D	vi		#viio43	#vii	o	43					o7	0	1	-1, -4, 5, 2		5	-1
136	132	394	399	0.5	0	0	3/4	4	1		i6	D	vi		i6	i		6					m	0	1	-3, 1, 0		0	-3
136	132	789/2	799/2	0.5	1/8	1/8	3/4	4	1		#viio6	D	vi		#viio6	#vii	o	6					o	0	1	2, -1, 5		5	2
136	132	395	400	0.5	1/4	1/4	3/4	4	1		i	D	vi		i	i							m	0	1	0, -3, 1		0	0
136	132	791/2	801/2	0.5	3/8	3/8	3/4	4	1		#viio2	D	vi		#viio2	#vii	o	2					o7	0	1	-4, 5, 2, -1		5	-4
136	132	396	401	0.5	1/2	1/2	3/4	4	1		i64	D	vi		i64	i		64					m	0	1	1, 0, -3		0	1
136	132	793/2	803/2	0.5	5/8	5/8	3/4	4	1		#viio43	D	vi		#viio43	#vii	o	43					o7	0	1	-1, -4, 5, 2		5	-1
137	133	397	402	15.0	0	0	3/4	4	1		i\\	D	vi		i	i						\\	m	0	1	0, -3, 1		0	0
142	138	412	417	3.0	0	0	3/4	4	1		i6	D	vi		i6	i		6					m	0	1	-3, 1, 0		0	-3
143	139	415	420	3.0	0	0	3/4	4	1		i	D	vi		i	i							m	0	1	0, -3, 1		0	0
144	140	418	423	5.0	0	0	3/4	4	1		i64	D	vi		i64	i		64					m	0	1	1, 0, -3		0	1
145	141	423	428	1.0	1/2	1/2	3/4	4	1		I.V65	D	I		V65	V		65					Mm7	0	0	5, 2, -1, 1		1	5
146	142	424	429	3.0	0	0	3/4	4	1		I[I	D	I	I	I	I							M	0	0	0, 4, 1		0	0
147	143	427	432	2.0	0	0	3/4	4	1		V7/IV	D	I	I	V7/IV	V		7		IV			Mm7	0	0	0, 4, 1, -2		0	0
147	143	429	434	1.0	1/2	1/2	3/4	4	1		IV6	D	I	I	IV6	IV		6					M	0	0	3, 0, -1		-1	3
148	144	430	435	1.0	0	0	3/4	4	1		I	D	I	I	I	I							M	0	0	0, 4, 1		0	0
148	144	431	436	1.0	1/4	1/4	3/4	4	1		IV6	D	I	I	IV6	IV		6					M	0	0	3, 0, -1		-1	3
148	144	432	437	1.0	1/2	1/2	3/4	4	1		viio64	D	I	I	viio64	vii	o	64					o	0	0	-1, 5, 2		5	-1
149	145	433	438	1.0	0	0	3/4	4	1		I	D	I	I	I	I							M	0	0	0, 4, 1		0	0
149	145	434	439	1.0	1/4	1/4	3/4	4	1		V(+4)	D	I	I	V(+4)	V			+4				M	0	0	1, 5, 2	0	1	1
149	145	435	440	1.0	1/2	1/2	3/4	4	1		IV]	D	I	I	IV	IV							M	0	0	-1, 3, 0		-1	-1
150	146	436	441	1.0	0	0	3/4	4	1		V[V(64)	D	I	V	V(64)	V			64				M	0	0	1, 0, 4		1	1
150	146	437	442	1.0	1/4	1/4	3/4	4	1		IV	D	I	V	IV	IV							M	0	0	-1, 3, 0		-1	-1
150	146	438	443	1.0	1/2	1/2	3/4	4	1		V7]	D	I	V	V7	V		7					Mm7	0	0	1, 5, 2, -1		1	1
151	147	439	444	1.0	0	0	3/4	4	1		I[I	D	I	I	I	I							M	0	0	0, 4, 1		0	0
151	147	440	445	1.0	1/4	1/4	3/4	4	1		V6(+4)	D	I	I	V6(+4)	V		6	+4				M	0	0	5, 2, 1	0	1	5
151	147	441	446	1.0	1/2	1/2	3/4	4	1		IV6]	D	I	I	IV6	IV		6					M	0	0	3, 0, -1		-1	3
152	148	442	447	1.0	0	0	3/4	4	1		V[V(64)	D	I	V	V(64)	V			64				M	0	0	1, 0, 4		1	1
152	148	443	448	1.0	1/4	1/4	3/4	4	1		IV6	D	I	V	IV6	IV		6					M	0	0	3, 0, -1		-1	3
152	148	444	449	1.0	1/2	1/2	3/4	4	1		V7]	D	I	V	V7	V		7					Mm7	0	0	1, 5, 2, -1		1	1
153	149	445	450	2.0	0	0	3/4	4	1		I\\	D	I		I	I						\\	M	0	0	0, 4, 1		0	0
153	149	447	452	1.0	1/2	1/2	3/4	4	1		V.V2	D	V		V2	V		2					Mm7	0	0	-1, 1, 5, 2		1	-1
154	150	448	453	3.0	0	0	3/4	4	1		I[I	D	V	I	I	I							M	0	0	0, 4, 1		0	0
155	151	451	456	2.0	0	0	3/4	4	1		V7/IV	D	V	I	V7/IV	V		7		IV			Mm7	0	0	0, 4, 1, -2		0	0
155	151	453	458	1.0	1/2	1/2	3/4	4	1		iv6	D	V	I	iv6	iv		6					m	0	0	-4, 0, -1		-1	-4
156	152	454	459	1.0	0	0	3/4	4	1		I	D	V	I	I	I							M	0	0	0, 4, 1		0	0
156	152	455	460	1.0	1/4	1/4	3/4	4	1		iv6	D	V	I	iv6	iv		6					m	0	0	-4, 0, -1		-1	-4
156	152	456	461	1.0	1/2	1/2	3/4	4	1		viio64	D	V	I	viio64	vii	o	64					o	0	0	-1, 5, 2		5	-1
157	153	457	462	1.0	0	0	3/4	4	1		I	D	V	I	I	I							M	0	0	0, 4, 1		0	0
157	153	458	463	1.0	1/4	1/4	3/4	4	1		V43/IV	D	V	I	V43/IV	V		43		IV			Mm7	0	0	1, -2, 0, 4		0	1
157	153	459	464	1.0	1/2	1/2	3/4	4	1		iv]	D	V	I	iv	iv							m	0	0	-1, -4, 0		-1	-1
158	154	460	465	1.0	0	0	3/4	4	1		V[V(64)	D	V	V	V(64)	V			64				M	0	0	1, 0, 4		1	1
158	154	461	466	1.0	1/4	1/4	3/4	4	1		iv	D	V	V	iv	iv							m	0	0	-1, -4, 0		-1	-1
158	154	462	467	1.0	1/2	1/2	3/4	4	1		V7]	D	V	V	V7	V		7					Mm7	0	0	1, 5, 2, -1		1	1
159	155	463	468	1.0	0	0	3/4	4	1		I	D	V		I	I							M	0	0	0, 4, 1		0	0
159	155	464	469	1.0	1/4	1/4	3/4	4	1		V7/IV	D	V		V7/IV	V		7		IV			Mm7	0	0	0, 4, 1, -2		0	0
159	155	465	470	1.0	1/2	1/2	3/4	4	1		iv64	D	V		iv64	iv		64					m	0	0	0, -1, -4		-1	0
160	156	466	471	1.0	0	0	3/4	4	1		V[V(64)	D	V	V	V(64)	V			64				M	0	0	1, 0, 4		1	1
160	156	467	472	1.0	1/4	1/4	3/4	4	1		iv6	D	V	V	iv6	iv		6					m	0	0	-4, 0, -1		-1	-4
160	156	468	473	1.0	1/2	1/2	3/4	4	1		V7]	D	V	V	V7	V		7					Mm7	0	0	1, 5, 2, -1		1	1
161	157	469	474	2.0	0	0	3/4	4	1		I\\	D	V		I	I						\\	M	0	0	0, 4, 1		0	0
162	157	471	476	1.0	0	1/2	3/4	4	1		I.V6	D	I		V6	V		6					M	0	0	5, 2, 1		1	5
163	158	472	477	2.0	0	0	3/4	4	1		V	D	I		V	V							M	0	0	1, 5, 2		1	1
163	158	474	479	1.0	1/2	1/2	3/4	4	1		V7	D	I		V7	V		7					Mm7	0	0	1, 5, 2, -1		1	1
164	159	475	480	2.0	0	0	3/4	4	1		I(94)	D	I		I(94)	I			94				M	0	0	0, -1, 1	2	0	0
164	159	477	482	1.0	1/2	1/2	3/4	4	1		I	D	I		I	I							M	0	0	0, 4, 1		0	0
165	160	478	483	2.0	0	0	3/4	4	1		V	D	I		V	V							M	0	0	1, 5, 2		1	1
165	160	480	485	1.0	1/2	1/2	3/4	4	1		V7	D	I		V7	V		7					Mm7	0	0	1, 5, 2, -1		1	1
166	161	481	486	2.0	0	0	3/4	4	1		I(94)	D	I		I(94)	I			94				M	0	0	0, -1, 1	2	0	0
166	161	483	488	1.0	1/2	1/2	3/4	4	1		I	D	I		I	I							M	0	0	0, 4, 1		0	0
167	162	484	489	1.0	0	0	3/4	4	1		V	D	I		V	V							M	0	0	1, 5, 2		1	1
167	162	485	490	1.0	1/4	1/4	3/4	4	1		V7	D	I		V7	V		7					Mm7	0	0	1, 5, 2, -1		1	1
167	162	486	491	3.0	1/2	1/2	3/4	4	1		V7(9)	D	I		V7(9)	V		7	9				Mm7	0	0	1, 5, 2, -1	3	1	1
168	163	489	494	1.0	1/2	1/2	3/4	4	1		V(64)	D	I		V(64)	V			64				M	0	0	1, 0, 4		1	1
169	164	490	495	1.0	0	0	3/4	4	1		viio65(+2)/V	D	I		viio65(+2)/V	vii	o	65	+2	V			o7	0	0	3, 0, -3, 6	1	6	3
169	164	491	496	1.0	1/4	1/4	3/4	4	1		vi%7	D	I		vi%7	vi	%	7					%7	0	0	3, 0, -3, 1		3	3
169	164	492	497	1.0	1/2	1/2	3/4	4	1		viio	D	I		viio	vii	o						o	0	0	5, 2, -1		5	5
170	165	493	498	6.0	0	0	3/4	4	1		I\\	D	I		I	I						\\	M	0	0	0, 4, 1		0	0
172	167	499	504	3.0	0	0	3/4	4	1		V(64)/iii	D	I		V(64)/iii	V			64	iii			M	0	0	5, 4, 1		5	5
173	168	502	507	3.0	0	0	3/4	4	1		VI/iii	D	I		VI/iii	VI				iii			M	0	0	0, 4, 1		0	0
174	169	505	510	3.0	0	0	3/4	4	1		V(64)/iii	D	I		V(64)/iii	V			64	iii			M	0	0	5, 4, 1		5	5
175	170	508	513	3.0	0	0	3/4	4	1		VI/iii	D	I		VI/iii	VI				iii			M	0	0	0, 4, 1		0	0
176	171	511	516	3.0	0	0	3/4	4	1		iv/iii	D	I		iv/iii	iv				iii			m	0	0	3, 0, 4		3	3
177	172	514	519	3.0	0	0	3/4	4	1		#viio43/iii	D	I		#viio43/iii	#vii	o	43		iii			o7	0	0	3, 0, 9, 6		9	3
178	173	517	522	3.0	0	0	3/4	4	1		iii6	D	I		iii6	iii		6					m	0	0	1, 5, 4		4	1
179	174	520	525	3.0	0	0	3/4	4	1		VI/iii	D	I		VI/iii	VI				iii			M	0	0	0, 4, 1		0	0
180	175	523	528	3.0	0	0	3/4	4	1		iv/iii	D	I		iv/iii	iv				iii			m	0	0	3, 0, 4		3	3
181	176	526	531	9.0	0	0	3/4	4	1		#viio43/iii	D	I		#viio43/iii	#vii	o	43		iii			o7	0	0	3, 0, 9, 6		9	3
184	179	535	540	3.0	0	0	3/4	4	1		V65\\	D	I		V65	V		65				\\	Mm7	0	0	5, 2, -1, 1		1	5
185	180	538	543	3.0	0	0	3/4	4	1		I[I	D	I	I	I	I							M	0	0	0, 4, 1		0	0
186	181	541	546	2.0	0	0	3/4	4	1		V7/IV	D	I	I	V7/IV	V		7		IV			Mm7	0	0	0, 4, 1, -2		0	0
186	181	543	548	1.0	1/2	1/2	3/4	4	1		IV6]	D	I	I	IV6	IV		6					M	0	0	3, 0, -1		-1	3
187	182	544	549	1.0	0	0	3/4	4	1		V[V(64)	D	I	V	V(64)	V			64				M	0	0	1, 0, 4		1	1
187	182	545	550	1.0	1/4	1/4	3/4	4	1		IV6	D	I	V	IV6	IV		6					M	0	0	3, 0, -1		-1	3
187	182	546	551	1.0	1/2	1/2	3/4	4	1		V7]	D	I	V	V7	V		7					Mm7	0	0	1, 5, 2, -1		1	1
188	183	547	552	1.0	0	0	3/4	4	1		vi	D	I		vi	vi							m	0	0	3, 0, 4		3	3
188	183	548	553	1.0	1/4	1/4	3/4	4	1		V(+4)	D	I		V(+4)	V			+4				M	0	0	1, 5, 2	0	1	1
188	183	549	554	1.0	1/2	1/2	3/4	4	1		IV	D	I		IV	IV							M	0	0	-1, 3, 0		-1	-1
189	184	550	555	1.0	0	0	3/4	4	1		V(64)	D	I		V(64)	V			64				M	0	0	1, 0, 4		1	1
189	184	551	556	1.0	1/4	1/4	3/4	4	1		V7(94)	D	I		V7(94)	V		7	94				Mm7	0	0	1, 0, 2, -1	3	1	1
189	184	552	557	1.0	1/2	1/2	3/4	4	1		#viio7/vi	D	I		#viio7/vi	#vii	o	7		vi			o7	0	0	8, 5, 2, -1		8	8
190	185	553	558	1.0	0	0	3/4	4	1		vi	D	I		vi	vi							m	0	0	3, 0, 4		3	3
190	185	554	559	1.0	1/4	1/4	3/4	4	1		V6(+4)	D	I		V6(+4)	V		6	+4				M	0	0	5, 2, 1	0	1	5
190	185	555	560	1.0	1/2	1/2	3/4	4	1		IV	D	I		IV	IV							M	0	0	-1, 3, 0		-1	-1
191	186	556	561	1.0	0	0	3/4	4	1		V(64)	D	I		V(64)	V			64				M	0	0	1, 0, 4		1	1
191	186	557	562	1.0	1/4	1/4	3/4	4	1		V7(94)	D	I		V7(94)	V		7	94				Mm7	0	0	1, 0, 2, -1	3	1	1
191	186	558	563	1.0	1/2	1/2	3/4	4	1		#viio7/vi	D	I		#viio7/vi	#vii	o	7		vi			o7	0	0	8, 5, 2, -1		8	8
192	187	559	564	3.0	0	0	3/4	4	1		vi	D	I		vi	vi							m	0	0	3, 0, 4		3	3
193	188	562	567	2.0	0	0	3/4	4	1		V(64)/V	D	I		V(64)/V	V			64	V			M	0	0	2, 1, 5		2	2
193	188	564	569	1.0	1/2	1/2	3/4	4	1		V2/V	D	I		V2/V	V		2		V			Mm7	0	0	0, 2, 6, 3		2	0
194	189	565	570	1.0	0	0	3/4	4	1		V6	D	I		V6	V		6					M	0	0	5, 2, 1		1	5
194	189	566	571	1.0	1/4	1/4	3/4	4	1		I	D	I		I	I							M	0	0	0, 4, 1		0	0
194	189	567	572	1.0	1/2	1/2	3/4	4	1		ii	D	I		ii	ii							m	0	0	2, -1, 3		2	2
195	190	568	573	1.0	0	0	3/4	4	1		V(64)	D	I		V(64)	V			64				M	0	0	1, 0, 4		1	1
195	190	569	574	1.0	1/4	1/4	3/4	4	1		V7	D	I		V7	V		7					Mm7	0	0	1, 5, 2, -1		1	1
195	190	570	575	1.0	1/2	1/2	3/4	4	1		V2	D	I		V2	V		2					Mm7	0	0	-1, 1, 5, 2		1	-1
196	191	571	576	3.0	0	0	3/4	4	1		I6	D	I		I6	I		6					M	0	0	4, 1, 0		0	4
197	192	574	579	1.0	0	0	3/4	4	1		V(64)/V	D	I		V(64)/V	V			64	V			M	0	0	2, 1, 5		2	2
197	192	575	580	1.0	1/4	1/4	3/4	4	1		IV/V	D	I		IV/V	IV				V			M	0	0	0, 4, 1		0	0
197	192	576	581	1.0	1/2	1/2	3/4	4	1		V/V	D	I		V/V	V				V			M	0	0	2, 6, 3		2	2
198	193	577	582	1.0	0	0	3/4	4	1		V6	D	I		V6	V		6					M	0	0	5, 2, 1		1	5
198	193	578	583	1.0	1/4	1/4	3/4	4	1		V6/ii	D	I		V6/ii	V		6		ii			M	0	0	7, 4, 3		3	7
198	193	579	584	1.0	1/2	1/2	3/4	4	1		ii	D	I		ii	ii							m	0	0	2, -1, 3		2	2
199	194	580	585	1.0	0	0	3/4	4	1		V(64)	D	I		V(64)	V			64				M	0	0	1, 0, 4		1	1
199	194	581	586	1.0	1/4	1/4	3/4	4	1		ii6	D	I		ii6	ii		6					m	0	0	-1, 3, 2		2	-1
199	194	582	587	1.0	1/2	1/2	3/4	4	1		V7	D	I		V7	V		7					Mm7	0	0	1, 5, 2, -1		1	1
200	195	583	588	2.0	0	0	3/4	4	1		I\\	D	I		I	I						\\	M	0	0	0, 4, 1		0	0
200	195	585	590	1.0	1/2	1/2	3/4	4	1		I64	D	I		I64	I		64					M	0	0	1, 0, 4		0	1
201	196	586	591	2.0	0	0	3/4	4	1		I	D	I		I	I							M	0	0	0, 4, 1		0	0
201	196	588	593	1.0	1/2	1/2	3/4	4	1		I6	D	I		I6	I		6					M	0	0	4, 1, 0		0	4
202	197	589	594	9.0	0	0	3/4	4	1		I64	D	I		I64	I		64					M	0	0	1, 0, 4		0	1
205	200	598	603	1.0	0	0	3/4	4	1		I	D	I		I	I							M	0	0	0, 4, 1		0	0
205	200	599	604	1.0	1/4	1/4	3/4	4	1		viio6(+2)	D	I		viio6(+2)	vii	o	6	+2				o	0	0	2, -1, 5	0	5	2
205	200	600	605	1.0	1/2	1/2	3/4	4	1		vi64	D	I		vi64	vi		64					m	0	0	4, 3, 0		3	4
206	201	601	606	1.0	0	0	3/4	4	1		V[V	D	I	V	V	V							M	0	0	1, 5, 2		1	1
206	201	602	607	1.0	1/4	1/4	3/4	4	1		viio6/V	D	I	V	viio6/V	vii	o	6		V			o	0	0	3, 0, 6		6	3
206	201	603	608	1.0	1/2	1/2	3/4	4	1		viio2	D	I	V	viio2	vii	o	2					o7	0	0	-4, 5, 2, -1		5	-4
207	202	604	609	1.0	0	0	3/4	4	1		V(64)]	D	I	V	V(64)	V			64				M	0	0	1, 0, 4		1	1
207	202	605	610	1.0	1/4	1/4	3/4	4	1		V65(+4)/V	D	I		V65(+4)/V	V		65	+4	V			Mm7	0	0	6, 3, 0, 2	1	2	6
207	202	606	611	1.0	1/2	1/2	3/4	4	1		V2(64)	D	I		V2(64)	V		2	64				Mm7	0	0	-1, 1, 0, 4		1	-1
208	203	607	612	3.0	0	0	3/4	4	1		V7	D	I		V7	V		7					Mm7	0	0	1, 5, 2, -1		1	1
209	204	610	615	3.0	0	0	3/4	4	1		I\\	D	I		I	I						\\	M	0	0	0, 4, 1		0	0
210	205	613	618	2.0	0	0	3/4	4	1		iv[iv	D	I	iv	iv	iv							m	0	0	-1, -4, 0		-1	-1
210	205	615	620	1.0	1/2	1/2	3/4	4	1		#viio/iv	D	I	iv	#viio/iv	#vii	o			iv			o	0	0	4, 1, -2		4	4
211	206	616	621	2.0	0	0	3/4	4	1		iv	D	I	iv	iv	iv							m	0	0	-1, -4, 0		-1	-1
211	206	618	623	1.0	1/2	1/2	3/4	4	1		#viio/iv	D	I	iv	#viio/iv	#vii	o			iv			o	0	0	4, 1, -2		4	4
212	207	619	624	1.0	0	0	3/4	4	1		iv	D	I	iv	iv	iv							m	0	0	-1, -4, 0		-1	-1
212	207	620	625	2.0	1/4	1/4	3/4	4	1		#viio/iv	D	I	iv	#viio/iv	#vii	o			iv			o	0	0	4, 1, -2		4	4
213	208	622	627	3.0	0	0	3/4	4	1		iv]	D	I	iv	iv	iv							m	0	0	-1, -4, 0		-1	-1
214	209	625	630	2.0	0	0	3/4	4	1		III[I6	D	I	III	I6	I		6					M	0	0	4, 1, 0		0	4
214	209	627	632	1.0	1/2	1/2	3/4	4	1		viio	D	I	III	viio	vii	o						o	0	0	5, 2, -1		5	5
215	210	628	633	2.0	0	0	3/4	4	1		I6	D	I	III	I6	I		6					M	0	0	4, 1, 0		0	4
215	210	630	635	1.0	1/2	1/2	3/4	4	1		viio	D	I	III	viio	vii	o						o	0	0	5, 2, -1		5	5
216	211	631	636	1.0	0	0	3/4	4	1		I6	D	I	III	I6	I		6					M	0	0	4, 1, 0		0	4
216	211	632	637	2.0	1/4	1/4	3/4	4	1		viio	D	I	III	viio	vii	o						o	0	0	5, 2, -1		5	5
217	212	634	639	2.0	0	0	3/4	4	1		I6]	D	I	III	I6	I		6					M	0	0	4, 1, 0		0	4
217	212	636	641	1.0	1/2	1/2	3/4	4	1		V7/IV	D	I		V7/IV	V		7		IV			Mm7	0	0	0, 4, 1, -2		0	0
218	213	637	642	2.0	0	0	3/4	4	1		iv[iv	D	I	iv	iv	iv							m	0	0	-1, -4, 0		-1	-1
218	213	639	644	1.0	1/2	1/2	3/4	4	1		#viio/iv	D	I	iv	#viio/iv	#vii	o			iv			o	0	0	4, 1, -2		4	4
219	214	640	645	2.0	0	0	3/4	4	1		iv	D	I	iv	iv	iv							m	0	0	-1, -4, 0		-1	-1
219	214	642	647	1.0	1/2	1/2	3/4	4	1		#viio/iv]	D	I	iv	#viio/iv	#vii	o			iv			o	0	0	4, 1, -2		4	4
220	215	643	648	1.0	0	0	3/4	4	1		iv6	D	I		iv6	iv		6					m	0	0	-4, 0, -1		-1	-4
220	215	644	649	1.0	1/4	1/4	3/4	4	1		V(+6+4)/iv	D	I		V(+6+4)/iv	V			+6+4	iv			M	0	0	0, 4, 1	-4, -1	0	0
220	215	645	650	1.0	1/2	1/2	3/4	4	1		iv64	D	I		iv64	iv		64					m	0	0	0, -1, -4		-1	0
221	216	646	651	3.0	0	0	3/4	4	1		iv	D	I		iv	iv							m	0	0	-1, -4, 0		-1	-1
222	217	649	654	27.0	0	0	3/4	4	1		I\\	D	I		I	I						\\	M	0	0	0, 4, 1		0	0
